1
1
1
1
1
1
1
1
1
1
1
1
1
1
1
1
1
1
1
1
1
1
1
1
1
1
1
1
1
1
1
1
1
1
1
1
1
1
1
1
1
1
1
1
1
1
1
1
1
1
1
1
1
1
1
1
1
1
1
1
1
1
1
1
1
1
1
1
1
1
1
1
1
1
1
1
1
1
1
1
1
1
1
1
1
1
1
1
1
1
1
1
1
1
1
1
1
1
1
1
6
2
6
4
3
2
2
2
6
6
7
6
7
6
21
1914
12
345
124
23
64
105
7
2
16
27
6
6
2
3
2
3
2
2
8
244
31
31
2
7
8
50
2
2
2
20
64
10
12
82
6
22
116
7
6
5
6
2
2
20
13
15
25
6
2
2
6
2
10
5
2
5
4
9
4
11
3
6
6
2
4
3
4
4
4
2
2
9
2
3
5
15
4
8
37
2
19
1
17
6
7
26
19
2
5
3
7
3
162
3
3
17
18
11
11
11
6
4
2
19
3
2
8
4
18
2
6
5
5
5
9
4
9
3
3
10
15
7
232
2
1
2
4
2
2
2
2
5
2
6
4
4
4
4
4
25
2
2
4
6
3
3
2
6
2
3
4
4
4
23
17
4
2
2
2
3
3
3
9
3
2
2
2
2
64
8
5
3
2
3
23
353
2
1
1
6
40
62
1
11
6
8
6
4
18
6
3
19
20
4
3
16
7
12
10
4
65
34
6
7
10
26
5
2
4
3
2
2
2
9
2
2
2
3
4
3
2
3
6
7
7
724
10
20
3
14
3
3
4
2
12
4
2
12
2
2
5
6
4
3
3
2
3
2
7
2
2
3
9
5
2
3
10
11
7
7
3
2
12
3
5
5
3
5
4
2
17
5
5
5
5
5
2
9
4
7
2
2
2
6
5
1131
2
2
12
2
2
3
13
3
14
23
5
51
4
610
3
1
2
2
27
2
2
2
2
64
23
15
4
3
32
21
32
17
3
3
10
10
4
25
11
8
7
4
8
2
2
2
2
2
2
3
6
3
3
1
13
2
2
2
2
2
2
2
2
2
6
1
25
3
3
3
3
3
2
1
14
2
2
2
2
2
2
2
1
9
2
2
2
2
2
2
1
11
9
292
9
17
9
3
2
2
21
2
2
3
3
2
2
2
9
13
38
36
9
5
36
10
7
12
3
2
2
10
4
13
11
12
12
8
8
8
8
8
8
8
7
7
7
2
2
2
2
2
2
2
2
2
3
4
3
5
4
4
4
4
4
4
6
6
5
5
4
4
4
4
4
4
4
9
7
10
4
4
4
11
4
4
4
4
4
4
4
4
4
4
4
4
4
12
4
4
4
4
34
7
7
3
4
7
3
7
3
4
3
2
2
4
15
5
7
3
7
3
7
3
7
3
7
3
7
3
7
3
7
3
7
3
4
4
2
2
2
2
8
6
5
5
2
2
2
2
2
40
24
7
4
2
5
2
2
5
5
19
13
14
8
6
5
2
4
3
4
4
4
5
5
7
5
5
5
4
4
2
4
5
4
15
4
4
4
4
4
4
2
3
4
4
3
3
5
2
4
3
3
4
4
3
3
2
4
4
5
3
4
5
4
4
3
3
3
3
3
3
3
4
4
3
3
3
3
3
3
4
4
3
3
3
3
4
4
3
3
3
3
4
4
3
3
3
3
4
4
3
3
19
3
5
4
4
2
3
3
2
7
7
7
7
7
7
7
7
7
19
19
19
19
19
19
19
19
19
2
20
14
5
5
5
5
20
14
5
5
5
5
20
14
5
5
5
5
20
14
5
5
5
5
20
14
5
5
5
5
20
14
5
5
5
5
20
14
5
5
5
5
20
14
5
5
5
5
20
14
5
5
5
5
10
8
8
8
5
5
5
5
3
3
3
3
3
3
3
4
4
4
4
4
4
4
4
4
4
4
4
6
6
7
6
6
5
5
5
6
6
7
5
3
3
3
3
7
7
7
6
4
4
3
3
1
1
3
1
10
3
2
3
14
3
34
15
22
22
4
4
11
8
19
19
27
27
19
9
7
7
7
7
6
23
10
5
5
13
12
12
26
211
31
13
20
3
10
19
1
36
33
3
3
2
9
10
11
10
28
18
6
4
9
3
2
2
2
2
3
5
2
4
2
4
7
3
12
3
3
3
4
4
5
2
4
4
7
3
3
3
16
13
4
4
5
4
2
6
6
5
2
3
7
2
5
3
3
10
2
3
3
3
2
2
5
5
8
7
2
3
28
3
5
2
3
2
2
2
15
30
125
39
3
2
2
3
3
23
10
12
12
9
3
3
3
3
2
17
6
2
7
21
12
2
3
11
11
10
10
9
5
9
11
7
8
4
2
3
2
2
3
2
12
12
8
8
3
3
4
3
4
1
13
6
6
3
3
2
2
3
6
18
17
5
10
12
5
2
3
3
14
6
10
7
8
3
9
9
29
29
28
29
29
28
12
5
12
5
12
5
12
5
12
5
12
5
7
3
7
3
5
3
8
6
9
38
7
6
4
4
2
2
2
2
2
2
2
2
2
2
2
2
2
3
2
2
2
2
5
2
2
2
3
2
1
3
1
19
2
1
15
1
1
7
7
7
7
7
7
9
3
4
11
1
4
7
11
6
8
2
4
2
2
2
2
2
2
2
2
2
1
2
4
5
9
7
7
2
16
4
5
3
10
2
2
2
9
3
3
4
2
4
7
2
6
2
2
5
5
1
40
45
2
25
13
7
10
7
8
2
73
28
1
1
47
12
1
11
5
2
3
6
2
4
2
3
20
4
6
5
2
2
6
3
1
1
2
2
2
2
2
12
6
1
54
2
9
28
11
14
27
42
40
36
48
36
36
12
12
12
24
2
7
5
1
1
35
1
1
1
36
177
1
3
1
1
17
1
1
15
1
1
1
1
1
1
2
89
6
0
0
0
2
2
2
16
23
29
23
21
16
28
24
24
24
16
6
15
2
15
12
7
4
20
3
1
3
7
3
3
3
3
3
9
9
3
11
3
5
73
37
2
5
2
2
2
10
10
11
10
15
8
25
2
25
13
36
1
2
1
0
5
0
0
0
0
0
0
2
8
4
2
1
2
1
31
2
1
0
